2788 201
2788 582
2788 718
2788 932
2788 1084
2788 1120
2788 1208
2788 1310
2788 1319
2788 1378
2788 1382
2788 1406
2788 1412
2788 1415
2788 1478
2802 201
2802 582
2802 718
2802 932
2802 1084
2802 1120
2802 1208
2802 1310
2802 1319
2802 1378
2802 1382
2802 1406
2802 1412
2802 1415
2802 1478
2820 201
2820 582
2820 718
2820 932
2820 1084
2820 1120
2820 1208
2820 1310
2820 1319
2820 1378
2820 1382
2820 1406
2820 1412
2820 1415
2820 1478
2854 201
2854 582
2854 718
2854 932
2854 1084
2854 1120
2854 1208
2854 1310
2854 1319
2854 1378
2854 1382
2854 1406
2854 1412
2854 1415
2854 1478
2870 201
2870 582
2870 718
2870 932
2870 1084
2870 1120
2870 1208
2870 1310
2870 1319
2870 1378
2870 1382
2870 1406
2870 1412
2870 1415
2870 1478
2882 201
2882 582
2882 718
2882 932
2882 1084
2882 1120
2882 1208
2882 1310
2882 1319
2882 1378
2882 1382
2882 1406
2882 1412
2882 1415
2882 1478
2898 201
2898 582
2898 718
2898 932
2898 1084
2898 1120
2898 1208
2898 1310
2898 1319
2898 1378
2898 1382
2898 1406
2898 1412
2898 1415
2898 1478
2934 201
2934 582
2934 718
2934 932
2934 1084
2934 1120
2934 1208
2934 1310
2934 1319
2934 1378
2934 1382
2934 1406
2934 1412
2934 1415
2934 1478
2968 201
2968 582
2968 718
2968 932
2968 1084
2968 1120
2968 1208
2968 1310
2968 1319
2968 1378
2968 1382
2968 1406
2968 1412
2968 1415
2968 1478
2982 201
2982 582
2982 718
2982 932
2982 1084
2982 1120
2982 1208
2982 1310
2982 1319
2982 1378
2982 1382
2982 1406
2982 1412
2982 1415
2982 1478
3010 201
3010 582
3010 718
3010 932
3010 1084
3010 1120
3010 1208
3010 1310
3010 1319
3010 1378
3010 1382
3010 1406
3010 1412
3010 1415
3010 1478
3038 201
3038 582
3038 718
3038 932
3038 1084
3038 1120
3038 1208
3038 1310
3038 1319
3038 1378
3038 1382
3038 1406
3038 1412
3038 1415
3038 1478
3068 201
3068 582
3068 718
3068 932
3068 1084
3068 1120
3068 1208
3068 1310
3068 1319
3068 1378
3068 1382
3068 1406
3068 1412
3068 1415
3068 1478
3106 201
3106 582
3106 718
3106 932
3106 1084
3106 1120
3106 1208
3106 1310
3106 1319
3106 1378
3106 1382
3106 1406
3106 1412
3106 1415
3106 1478
3148 201
3148 582
3148 718
3148 932
3148 1084
3148 1120
3148 1208
3148 1310
3148 1319
3148 1378
3148 1382
3148 1406
3148 1412
3148 1415
3148 1478
3174 201
3174 582
3174 718
3174 932
3174 1084
3174 1120
3174 1208
3174 1310
3174 1319
3174 1378
3174 1382
3174 1406
3174 1412
3174 1415
3174 1478
3210 201
3210 582
3210 718
3210 932
3210 1084
3210 1120
3210 1208
3210 1310
3210 1319
3210 1378
3210 1382
3210 1406
3210 1412
3210 1415
3210 1478
3246 201
3246 582
3246 718
3246 932
3246 1084
3246 1120
3246 1208
3246 1310
3246 1319
3246 1378
3246 1382
3246 1406
3246 1412
3246 1415
3246 1478
3284 201
3284 582
3284 718
3284 932
3284 1084
3284 1120
3284 1208
3284 1310
3284 1319
3284 1378
3284 1382
3284 1406
3284 1412
3284 1415
3284 1478
3318 201
3318 582
3318 718
3318 932
3318 1084
3318 1120
3318 1208
3318 1310
3318 1319
3318 1378
3318 1382
3318 1406
3318 1412
3318 1415
3318 1478
3352 201
3352 582
3352 718
3352 932
3352 1084
3352 1120
3352 1208
3352 1310
3352 1319
3352 1378
3352 1382
3352 1406
3352 1412
3352 1415
3352 1478
3370 201
3370 582
3370 718
3370 932
3370 1084
3370 1120
3370 1208
3370 1310
3370 1319
3370 1378
3370 1382
3370 1406
3370 1412
3370 1415
3370 1478
3384 201
3384 582
3384 718
3384 932
3384 1084
3384 1120
3384 1208
3384 1310
3384 1319
3384 1378
3384 1382
3384 1406
3384 1412
3384 1415
3384 1478
3422 201
3422 582
3422 718
3422 932
3422 1084
3422 1120
3422 1208
3422 1310
3422 1319
3422 1378
3422 1382
3422 1406
3422 1412
3422 1415
3422 1478
3464 201
3464 582
3464 718
3464 932
3464 1084
3464 1120
3464 1208
3464 1310
3464 1319
3464 1378
3464 1382
3464 1406
3464 1412
3464 1415
3464 1478
3498 201
3498 582
3498 718
3498 932
3498 1084
3498 1120
3498 1208
3498 1310
3498 1319
3498 1378
3498 1382
3498 1406
3498 1412
3498 1415
3498 1478
3524 201
3524 582
3524 718
3524 932
3524 1084
3524 1120
3524 1208
3524 1310
3524 1319
3524 1378
3524 1382
3524 1406
3524 1412
3524 1415
3524 1478
3552 201
3552 582
3552 718
3552 932
3552 1084
3552 1120
3552 1208
3552 1310
3552 1319
3552 1378
3552 1382
3552 1406
3552 1412
3552 1415
3552 1478
3586 201
3586 582
3586 718
3586 932
3586 1084
3586 1120
3586 1208
3586 1310
3586 1319
3586 1378
3586 1382
3586 1406
3586 1412
3586 1415
3586 1478
3612 201
3612 582
3612 718
3612 932
3612 1084
3612 1120
3612 1208
3612 1310
3612 1319
3612 1378
3612 1382
3612 1406
3612 1412
3612 1415
3612 1478
3634 201
3634 582
3634 718
3634 932
3634 1084
3634 1120
3634 1208
3634 1310
3634 1319
3634 1378
3634 1382
3634 1406
3634 1412
3634 1415
3634 1478
3668 201
3668 582
3668 718
3668 932
3668 1084
3668 1120
3668 1208
3668 1310
3668 1319
3668 1378
3668 1382
3668 1406
3668 1412
3668 1415
3668 1478
3706 201
3706 582
3706 718
3706 932
3706 1084
3706 1120
3706 1208
3706 1310
3706 1319
3706 1378
3706 1382
3706 1406
3706 1412
3706 1415
3706 1478
3738 201
3738 582
3738 718
3738 932
3738 1084
3738 1120
3738 1208
3738 1310
3738 1319
3738 1378
3738 1382
3738 1406
3738 1412
3738 1415
3738 1478
3764 201
3764 582
3764 718
3764 932
3764 1084
3764 1120
3764 1208
3764 1310
3764 1319
3764 1378
3764 1382
3764 1406
3764 1412
3764 1415
3764 1478
3794 201
3794 582
3794 718
3794 932
3794 1084
3794 1120
3794 1208
3794 1310
3794 1319
3794 1378
3794 1382
3794 1406
3794 1412
3794 1415
3794 1478
3818 201
3818 582
3818 718
3818 932
3818 1084
3818 1120
3818 1208
3818 1310
3818 1319
3818 1378
3818 1382
3818 1406
3818 1412
3818 1415
3818 1478
3856 201
3856 582
3856 718
3856 932
3856 1084
3856 1120
3856 1208
3856 1310
3856 1319
3856 1378
3856 1382
3856 1406
3856 1412
3856 1415
3856 1478
3890 201
3890 582
3890 718
3890 932
3890 1084
3890 1120
3890 1208
3890 1310
3890 1319
3890 1378
3890 1382
3890 1406
3890 1412
3890 1415
3890 1478
3916 201
3916 582
3916 718
3916 932
3916 1084
3916 1120
3916 1208
3916 1310
3916 1319
3916 1378
3916 1382
3916 1406
3916 1412
3916 1415
3916 1478
3934 201
3934 582
3934 718
3934 932
3934 1084
3934 1120
3934 1208
3934 1310
3934 1319
3934 1378
3934 1382
3934 1406
3934 1412
3934 1415
3934 1478
3956 201
3956 582
3956 718
3956 932
3956 1084
3956 1120
3956 1208
3956 1310
3956 1319
3956 1378
3956 1382
3956 1406
3956 1412
3956 1415
3956 1478
3980 201
3980 582
3980 718
3980 932
3980 1084
3980 1120
3980 1208
3980 1310
3980 1319
3980 1378
3980 1382
3980 1406
3980 1412
3980 1415
3980 1478
4000 201
4000 582
4000 718
4000 932
4000 1084
4000 1120
4000 1208
4000 1310
4000 1319
4000 1378
4000 1382
4000 1406
4000 1412
4000 1415
4000 1478
4020 201
4020 582
4020 718
4020 932
4020 1084
4020 1120
4020 1208
4020 1310
4020 1319
4020 1378
4020 1382
4020 1406
4020 1412
4020 1415
4020 1478
4040 201
4040 582
4040 718
4040 932
4040 1084
4040 1120
4040 1208
4040 1310
4040 1319
4040 1378
4040 1382
4040 1406
4040 1412
4040 1415
4040 1478
4058 201
4058 582
4058 718
4058 932
4058 1084
4058 1120
4058 1208
4058 1310
4058 1319
4058 1378
4058 1382
4058 1406
4058 1412
4058 1415
4058 1478
4084 201
4084 582
4084 718
4084 932
4084 1084
4084 1120
4084 1208
4084 1310
4084 1319
4084 1378
4084 1382
4084 1406
4084 1412
4084 1415
4084 1478
4116 201
4116 582
4116 718
4116 932
4116 1084
4116 1120
4116 1208
4116 1310
4116 1319
4116 1378
4116 1382
4116 1406
4116 1412
4116 1415
4116 1478
4144 201
4144 582
4144 718
4144 932
4144 1084
4144 1120
4144 1208
4144 1310
4144 1319
4144 1378
4144 1382
4144 1406
4144 1412
4144 1415
4144 1478
4176 201
4176 582
4176 718
4176 932
4176 1084
4176 1120
4176 1208
4176 1310
4176 1319
4176 1378
4176 1382
4176 1406
4176 1412
4176 1415
4176 1478
4218 201
4218 582
4218 718
4218 932
4218 1084
4218 1120
4218 1208
4218 1310
4218 1319
4218 1378
4218 1382
4218 1406
4218 1412
4218 1415
4218 1478
4240 201
4240 582
4240 718
4240 932
4240 1084
4240 1120
4240 1208
4240 1310
4240 1319
4240 1378
4240 1382
4240 1406
4240 1412
4240 1415
4240 1478
4270 201
4270 582
4270 718
4270 932
4270 1084
4270 1120
4270 1208
4270 1310
4270 1319
4270 1378
4270 1382
4270 1406
4270 1412
4270 1415
4270 1478
4298 201
4298 582
4298 718
4298 932
4298 1084
4298 1120
4298 1208
4298 1310
4298 1319
4298 1378
4298 1382
4298 1406
4298 1412
4298 1415
4298 1478
4330 201
4330 582
4330 718
4330 932
4330 1084
4330 1120
4330 1208
4330 1310
4330 1319
4330 1378
4330 1382
4330 1406
4330 1412
4330 1415
4330 1478
4342 201
4342 582
4342 718
4342 932
4342 1084
4342 1120
4342 1208
4342 1310
4342 1319
4342 1378
4342 1382
4342 1406
4342 1412
4342 1415
4342 1478
4358 201
4358 582
4358 718
4358 932
4358 1084
4358 1120
4358 1208
4358 1310
4358 1319
4358 1378
4358 1382
4358 1406
4358 1412
4358 1415
4358 1478
4378 201
4378 582
4378 718
4378 932
4378 1084
4378 1120
4378 1208
4378 1310
4378 1319
4378 1378
4378 1382
4378 1406
4378 1412
4378 1415
4378 1478
4400 201
4400 582
4400 718
4400 932
4400 1084
4400 1120
4400 1208
4400 1310
4400 1319
4400 1378
4400 1382
4400 1406
4400 1412
4400 1415
4400 1478
4424 201
4424 582
4424 718
4424 932
4424 1084
4424 1120
4424 1208
4424 1310
4424 1319
4424 1378
4424 1382
4424 1406
4424 1412
4424 1415
4424 1478
4448 201
4448 582
4448 718
4448 932
4448 1084
4448 1120
4448 1208
4448 1310
4448 1319
4448 1378
4448 1382
4448 1406
4448 1412
4448 1415
4448 1478
4466 201
4466 582
4466 718
4466 932
4466 1084
4466 1120
4466 1208
4466 1310
4466 1319
4466 1378
4466 1382
4466 1406
4466 1412
4466 1415
4466 1478
4492 201
4492 582
4492 718
4492 932
4492 1084
4492 1120
4492 1208
4492 1310
4492 1319
4492 1378
4492 1382
4492 1406
4492 1412
4492 1415
4492 1478
4514 201
4514 582
4514 718
4514 932
4514 1084
4514 1120
4514 1208
4514 1310
4514 1319
4514 1378
4514 1382
4514 1406
4514 1412
4514 1415
4514 1478
4536 201
4536 582
4536 718
4536 932
4536 1084
4536 1120
4536 1208
4536 1310
4536 1319
4536 1378
4536 1382
4536 1406
4536 1412
4536 1415
4536 1478
4566 201
4566 582
4566 718
4566 932
4566 1084
4566 1120
4566 1208
4566 1310
4566 1319
4566 1378
4566 1382
4566 1406
4566 1412
4566 1415
4566 1478
4612 201
4612 582
4612 718
4612 932
4612 1084
4612 1120
4612 1208
4612 1310
4612 1319
4612 1378
4612 1382
4612 1406
4612 1412
4612 1415
4612 1478
4652 201
4652 582
4652 718
4652 932
4652 1084
4652 1120
4652 1208
4652 1310
4652 1319
4652 1378
4652 1382
4652 1406
4652 1412
4652 1415
4652 1478
4662 201
4662 582
4662 718
4662 932
4662 1084
4662 1120
4662 1208
4662 1310
4662 1319
4662 1378
4662 1382
4662 1406
4662 1412
4662 1415
4662 1478
4690 201
4690 582
4690 718
4690 932
4690 1084
4690 1120
4690 1208
4690 1310
4690 1319
4690 1378
4690 1382
4690 1406
4690 1412
4690 1415
4690 1478
4708 201
4708 582
4708 718
4708 932
4708 1084
4708 1120
4708 1208
4708 1310
4708 1319
4708 1378
4708 1382
4708 1406
4708 1412
4708 1415
4708 1478
4752 201
4752 582
4752 718
4752 932
4752 1084
4752 1120
4752 1208
4752 1310
4752 1319
4752 1378
4752 1382
4752 1406
4752 1412
4752 1415
4752 1478
4792 201
4792 582
4792 718
4792 932
4792 1084
4792 1120
4792 1208
4792 1310
4792 1319
4792 1378
4792 1382
4792 1406
4792 1412
4792 1415
4792 1478
4816 201
4816 582
4816 718
4816 932
4816 1084
4816 1120
4816 1208
4816 1310
4816 1319
4816 1378
4816 1382
4816 1406
4816 1412
4816 1415
4816 1478
4854 201
4854 582
4854 718
4854 932
4854 1084
4854 1120
4854 1208
4854 1310
4854 1319
4854 1378
4854 1382
4854 1406
4854 1412
4854 1415
4854 1478
4886 201
4886 582
4886 718
4886 932
4886 1084
4886 1120
4886 1208
4886 1310
4886 1319
4886 1378
4886 1382
4886 1406
4886 1412
4886 1415
4886 1478
4912 201
4912 582
4912 718
4912 932
4912 1084
4912 1120
4912 1208
4912 1310
4912 1319
4912 1378
4912 1382
4912 1406
4912 1412
4912 1415
4912 1478
4936 201
4936 582
4936 718
4936 932
4936 1084
4936 1120
4936 1208
4936 1310
4936 1319
4936 1378
4936 1382
4936 1406
4936 1412
4936 1415
4936 1478
4978 201
4978 582
4978 718
4978 932
4978 1084
4978 1120
4978 1208
4978 1310
4978 1319
4978 1378
4978 1382
4978 1406
4978 1412
4978 1415
4978 1478
5014 201
5014 582
5014 718
5014 932
5014 1084
5014 1120
5014 1208
5014 1310
5014 1319
5014 1378
5014 1382
5014 1406
5014 1412
5014 1415
5014 1478
5038 201
5038 582
5038 718
5038 932
5038 1084
5038 1120
5038 1208
5038 1310
5038 1319
5038 1378
5038 1382
5038 1406
5038 1412
5038 1415
5038 1478
5062 201
5062 582
5062 718
5062 932
5062 1084
5062 1120
5062 1208
5062 1310
5062 1319
5062 1378
5062 1382
5062 1406
5062 1412
5062 1415
5062 1478
5086 201
5086 582
5086 718
5086 932
5086 1084
5086 1120
5086 1208
5086 1310
5086 1319
5086 1378
5086 1382
5086 1406
5086 1412
5086 1415
5086 1478
5118 201
5118 582
5118 718
5118 932
5118 1084
5118 1120
5118 1208
5118 1310
5118 1319
5118 1378
5118 1382
5118 1406
5118 1412
5118 1415
5118 1478
5128 201
5128 582
5128 718
5128 932
5128 1084
5128 1120
5128 1208
5128 1310
5128 1319
5128 1378
5128 1382
5128 1406
5128 1412
5128 1415
5128 1478
5134 201
5134 582
5134 718
5134 932
5134 1084
5134 1120
5134 1208
5134 1310
5134 1319
5134 1378
5134 1382
5134 1406
5134 1412
5134 1415
5134 1478
5152 201
5152 582
5152 718
5152 932
5152 1084
5152 1120
5152 1208
5152 1310
5152 1319
5152 1378
5152 1382
5152 1406
5152 1412
5152 1415
5152 1478
5174 201
5174 582
5174 718
5174 932
5174 1084
5174 1120
5174 1208
5174 1310
5174 1319
5174 1378
5174 1382
5174 1406
5174 1412
5174 1415
5174 1478
5196 201
5196 582
5196 718
5196 932
5196 1084
5196 1120
5196 1208
5196 1310
5196 1319
5196 1378
5196 1382
5196 1406
5196 1412
5196 1415
5196 1478
5218 201
5218 582
5218 718
5218 932
5218 1084
5218 1120
5218 1208
5218 1310
5218 1319
5218 1378
5218 1382
5218 1406
5218 1412
5218 1415
5218 1478
-201 -2801
-201 -2819
-201 -2853
-201 -2869
-201 -2881
-201 -2897
-201 -2933
-201 -2967
-201 -2981
-201 -3009
-201 -3037
-201 -3067
-201 -3105
-201 -3147
-201 -3173
-201 -3209
-201 -3245
-201 -3283
-201 -3317
-201 -3351
-201 -3369
-201 -3383
-201 -3421
-201 -3463
-201 -3497
-201 -3523
-201 -3551
-201 -3585
-201 -3611
-201 -3633
-201 -3667
-201 -3705
-201 -3737
-201 -3763
-201 -3793
-201 -3817
-201 -3855
-201 -3889
-201 -3915
-201 -3933
-201 -3955
-201 -3979
-201 -3999
-201 -4019
-201 -4039
-201 -4057
-201 -4083
-201 -4115
-201 -4143
-201 -4175
-201 -4217
-201 -4239
-201 -4269
-201 -4297
-201 -4329
-201 -4341
-201 -4357
-201 -4377
-201 -4399
-201 -4423
-201 -4447
-201 -4465
-201 -4491
-201 -4513
-201 -4535
-201 -4565
-201 -4611
-201 -4651
-201 -4661
-201 -4689
-201 -4707
-201 -4751
-201 -4791
-201 -4815
-201 -4853
-201 -4885
-201 -4911
-201 -4935
-201 -4977
-201 -5013
-201 -5037
-201 -5061
-201 -5085
-201 -5117
-201 -5127
-201 -5133
-201 -5151
-201 -5173
-201 -5195
-201 -5217
-201 -5237
-582 -2801
-582 -2819
-582 -2853
-582 -2869
-582 -2881
-582 -2897
-582 -2933
-582 -2967
-582 -2981
-582 -3009
-582 -3037
-582 -3067
-582 -3105
-582 -3147
-582 -3173
-582 -3209
-582 -3245
-582 -3283
-582 -3317
-582 -3351
-582 -3369
-582 -3383
-582 -3421
-582 -3463
-582 -3497
-582 -3523
-582 -3551
-582 -3585
-582 -3611
-582 -3633
-582 -3667
-582 -3705
-582 -3737
-582 -3763
-582 -3793
-582 -3817
-582 -3855
-582 -3889
-582 -3915
-582 -3933
-582 -3955
-582 -3979
-582 -3999
-582 -4019
-582 -4039
-582 -4057
-582 -4083
-582 -4115
-582 -4143
-582 -4175
-582 -4217
-582 -4239
-582 -4269
-582 -4297
-582 -4329
-582 -4341
-582 -4357
-582 -4377
-582 -4399
-582 -4423
-582 -4447
-582 -4465
-582 -4491
-582 -4513
-582 -4535
-582 -4565
-582 -4611
-582 -4651
-582 -4661
-582 -4689
-582 -4707
-582 -4751
-582 -4791
-582 -4815
-582 -4853
-582 -4885
-582 -4911
-582 -4935
-582 -4977
-582 -5013
-582 -5037
-582 -5061
-582 -5085
-582 -5117
-582 -5127
-582 -5133
-582 -5151
-582 -5173
-582 -5195
-582 -5217
-582 -5237
-718 -2801
-718 -2819
-718 -2853
-718 -2869
-718 -2881
-718 -2897
-718 -2933
-718 -2967
-718 -2981
-718 -3009
-718 -3037
-718 -3067
-718 -3105
-718 -3147
-718 -3173
-718 -3209
-718 -3245
-718 -3283
-718 -3317
-718 -3351
-718 -3369
-718 -3383
-718 -3421
-718 -3463
-718 -3497
-718 -3523
-718 -3551
-718 -3585
-718 -3611
-718 -3633
-718 -3667
-718 -3705
-718 -3737
-718 -3763
-718 -3793
-718 -3817
-718 -3855
-718 -3889
-718 -3915
-718 -3933
-718 -3955
-718 -3979
-718 -3999
-718 -4019
-718 -4039
-718 -4057
-718 -4083
-718 -4115
-718 -4143
-718 -4175
-718 -4217
-718 -4239
-718 -4269
-718 -4297
-718 -4329
-718 -4341
-718 -4357
-718 -4377
-718 -4399
-718 -4423
-718 -4447
-718 -4465
-718 -4491
-718 -4513
-718 -4535
-718 -4565
-718 -4611
-718 -4651
-718 -4661
-718 -4689
-718 -4707
-718 -4751
-718 -4791
-718 -4815
-718 -4853
-718 -4885
-718 -4911
-718 -4935
-718 -4977
-718 -5013
-718 -5037
-718 -5061
-718 -5085
-718 -5117
-718 -5127
-718 -5133
-718 -5151
-718 -5173
-718 -5195
-718 -5217
-718 -5237
-932 -2801
-932 -2819
-932 -2853
-932 -2869
-932 -2881
-932 -2897
-932 -2933
-932 -2967
-932 -2981
-932 -3009
-932 -3037
-932 -3067
-932 -3105
-932 -3147
-932 -3173
-932 -3209
-932 -3245
-932 -3283
-932 -3317
-932 -3351
-932 -3369
-932 -3383
-932 -3421
-932 -3463
-932 -3497
-932 -3523
-932 -3551
-932 -3585
-932 -3611
-932 -3633
-932 -3667
-932 -3705
-932 -3737
-932 -3763
-932 -3793
-932 -3817
-932 -3855
-932 -3889
-932 -3915
-932 -3933
-932 -3955
-932 -3979
-932 -3999
-932 -4019
-932 -4039
-932 -4057
-932 -4083
-932 -4115
-932 -4143
-932 -4175
-932 -4217
-932 -4239
-932 -4269
-932 -4297
-932 -4329
-932 -4341
-932 -4357
-932 -4377
-932 -4399
-932 -4423
-932 -4447
-932 -4465
-932 -4491
-932 -4513
-932 -4535
-932 -4565
-932 -4611
-932 -4651
-932 -4661
-932 -4689
-932 -4707
-932 -4751
-932 -4791
-932 -4815
-932 -4853
-932 -4885
-932 -4911
-932 -4935
-932 -4977
-932 -5013
-932 -5037
-932 -5061
-932 -5085
-932 -5117
-932 -5127
-932 -5133
-932 -5151
-932 -5173
-932 -5195
-932 -5217
-932 -5237
-1084 -2801
-1084 -2819
-1084 -2853
-1084 -2869
-1084 -2881
-1084 -2897
-1084 -2933
-1084 -2967
-1084 -2981
-1084 -3009
-1084 -3037
-1084 -3067
-1084 -3105
-1084 -3147
-1084 -3173
-1084 -3209
-1084 -3245
-1084 -3283
-1084 -3317
-1084 -3351
-1084 -3369
-1084 -3383
-1084 -3421
-1084 -3463
-1084 -3497
-1084 -3523
-1084 -3551
-1084 -3585
-1084 -3611
-1084 -3633
-1084 -3667
-1084 -3705
-1084 -3737
-1084 -3763
-1084 -3793
-1084 -3817
-1084 -3855
-1084 -3889
-1084 -3915
-1084 -3933
-1084 -3955
-1084 -3979
-1084 -3999
-1084 -4019
-1084 -4039
-1084 -4057
-1084 -4083
-1084 -4115
-1084 -4143
-1084 -4175
-1084 -4217
-1084 -4239
-1084 -4269
-1084 -4297
-1084 -4329
-1084 -4341
-1084 -4357
-1084 -4377
-1084 -4399
-1084 -4423
-1084 -4447
-1084 -4465
-1084 -4491
-1084 -4513
-1084 -4535
-1084 -4565
-1084 -4611
-1084 -4651
-1084 -4661
-1084 -4689
-1084 -4707
-1084 -4751
-1084 -4791
-1084 -4815
-1084 -4853
-1084 -4885
-1084 -4911
-1084 -4935
-1084 -4977
-1084 -5013
-1084 -5037
-1084 -5061
-1084 -5085
-1084 -5117
-1084 -5127
-1084 -5133
-1084 -5151
-1084 -5173
-1084 -5195
-1084 -5217
-1084 -5237
-1120 -2801
-1120 -2819
-1120 -2853
-1120 -2869
-1120 -2881
-1120 -2897
-1120 -2933
-1120 -2967
-1120 -2981
-1120 -3009
-1120 -3037
-1120 -3067
-1120 -3105
-1120 -3147
-1120 -3173
-1120 -3209
-1120 -3245
-1120 -3283
-1120 -3317
-1120 -3351
-1120 -3369
-1120 -3383
-1120 -3421
-1120 -3463
-1120 -3497
-1120 -3523
-1120 -3551
-1120 -3585
-1120 -3611
-1120 -3633
-1120 -3667
-1120 -3705
-1120 -3737
-1120 -3763
-1120 -3793
-1120 -3817
-1120 -3855
-1120 -3889
-1120 -3915
-1120 -3933
-1120 -3955
-1120 -3979
-1120 -3999
-1120 -4019
-1120 -4039
-1120 -4057
-1120 -4083
-1120 -4115
-1120 -4143
-1120 -4175
-1120 -4217
-1120 -4239
-1120 -4269
-1120 -4297
-1120 -4329
-1120 -4341
-1120 -4357
-1120 -4377
-1120 -4399
-1120 -4423
-1120 -4447
-1120 -4465
-1120 -4491
-1120 -4513
-1120 -4535
-1120 -4565
-1120 -4611
-1120 -4651
-1120 -4661
-1120 -4689
-1120 -4707
-1120 -4751
-1120 -4791
-1120 -4815
-1120 -4853
-1120 -4885
-1120 -4911
-1120 -4935
-1120 -4977
-1120 -5013
-1120 -5037
-1120 -5061
-1120 -5085
-1120 -5117
-1120 -5127
-1120 -5133
-1120 -5151
-1120 -5173
-1120 -5195
-1120 -5217
-1120 -5237
-1208 -2801
-1208 -2819
-1208 -2853
-1208 -2869
-1208 -2881
-1208 -2897
-1208 -2933
-1208 -2967
-1208 -2981
-1208 -3009
-1208 -3037
-1208 -3067
-1208 -3105
-1208 -3147
-1208 -3173
-1208 -3209
-1208 -3245
-1208 -3283
-1208 -3317
-1208 -3351
-1208 -3369
-1208 -3383
-1208 -3421
-1208 -3463
-1208 -3497
-1208 -3523
-1208 -3551
-1208 -3585
-1208 -3611
-1208 -3633
-1208 -3667
-1208 -3705
-1208 -3737
-1208 -3763
-1208 -3793
-1208 -3817
-1208 -3855
-1208 -3889
-1208 -3915
-1208 -3933
-1208 -3955
-1208 -3979
-1208 -3999
-1208 -4019
-1208 -4039
-1208 -4057
-1208 -4083
-1208 -4115
-1208 -4143
-1208 -4175
-1208 -4217
-1208 -4239
-1208 -4269
-1208 -4297
-1208 -4329
-1208 -4341
-1208 -4357
-1208 -4377
-1208 -4399
-1208 -4423
-1208 -4447
-1208 -4465
-1208 -4491
-1208 -4513
-1208 -4535
-1208 -4565
-1208 -4611
-1208 -4651
-1208 -4661
-1208 -4689
-1208 -4707
-1208 -4751
-1208 -4791
-1208 -4815
-1208 -4853
-1208 -4885
-1208 -4911
-1208 -4935
-1208 -4977
-1208 -5013
-1208 -5037
-1208 -5061
-1208 -5085
-1208 -5117
-1208 -5127
-1208 -5133
-1208 -5151
-1208 -5173
-1208 -5195
-1208 -5217
-1208 -5237
-1310 -2801
-1310 -2819
-1310 -2853
-1310 -2869
-1310 -2881
-1310 -2897
-1310 -2933
-1310 -2967
-1310 -2981
-1310 -3009
-1310 -3037
-1310 -3067
-1310 -3105
-1310 -3147
-1310 -3173
-1310 -3209
-1310 -3245
-1310 -3283
-1310 -3317
-1310 -3351
-1310 -3369
-1310 -3383
-1310 -3421
-1310 -3463
-1310 -3497
-1310 -3523
-1310 -3551
-1310 -3585
-1310 -3611
-1310 -3633
-1310 -3667
-1310 -3705
-1310 -3737
-1310 -3763
-1310 -3793
-1310 -3817
-1310 -3855
-1310 -3889
-1310 -3915
-1310 -3933
-1310 -3955
-1310 -3979
-1310 -3999
-1310 -4019
-1310 -4039
-1310 -4057
-1310 -4083
-1310 -4115
-1310 -4143
-1310 -4175
-1310 -4217
-1310 -4239
-1310 -4269
-1310 -4297
-1310 -4329
-1310 -4341
-1310 -4357
-1310 -4377
-1310 -4399
-1310 -4423
-1310 -4447
-1310 -4465
-1310 -4491
-1310 -4513
-1310 -4535
-1310 -4565
-1310 -4611
-1310 -4651
-1310 -4661
-1310 -4689
-1310 -4707
-1310 -4751
-1310 -4791
-1310 -4815
-1310 -4853
-1310 -4885
-1310 -4911
-1310 -4935
-1310 -4977
-1310 -5013
-1310 -5037
-1310 -5061
-1310 -5085
-1310 -5117
-1310 -5127
-1310 -5133
-1310 -5151
-1310 -5173
-1310 -5195
-1310 -5217
-1310 -5237
-1319 -2801
-1319 -2819
-1319 -2853
-1319 -2869
-1319 -2881
-1319 -2897
-1319 -2933
-1319 -2967
-1319 -2981
-1319 -3009
-1319 -3037
-1319 -3067
-1319 -3105
-1319 -3147
-1319 -3173
-1319 -3209
-1319 -3245
-1319 -3283
-1319 -3317
-1319 -3351
-1319 -3369
-1319 -3383
-1319 -3421
-1319 -3463
-1319 -3497
-1319 -3523
-1319 -3551
-1319 -3585
-1319 -3611
-1319 -3633
-1319 -3667
-1319 -3705
-1319 -3737
-1319 -3763
-1319 -3793
-1319 -3817
-1319 -3855
-1319 -3889
-1319 -3915
-1319 -3933
-1319 -3955
-1319 -3979
-1319 -3999
-1319 -4019
-1319 -4039
-1319 -4057
-1319 -4083
-1319 -4115
-1319 -4143
-1319 -4175
-1319 -4217
-1319 -4239
-1319 -4269
-1319 -4297
-1319 -4329
-1319 -4341
-1319 -4357
-1319 -4377
-1319 -4399
-1319 -4423
-1319 -4447
-1319 -4465
-1319 -4491
-1319 -4513
-1319 -4535
-1319 -4565
-1319 -4611
-1319 -4651
-1319 -4661
-1319 -4689
-1319 -4707
-1319 -4751
-1319 -4791
-1319 -4815
-1319 -4853
-1319 -4885
-1319 -4911
-1319 -4935
-1319 -4977
-1319 -5013
-1319 -5037
-1319 -5061
-1319 -5085
-1319 -5117
-1319 -5127
-1319 -5133
-1319 -5151
-1319 -5173
-1319 -5195
-1319 -5217
-1319 -5237
-1378 -2801
-1378 -2819
-1378 -2853
-1378 -2869
-1378 -2881
-1378 -2897
-1378 -2933
-1378 -2967
-1378 -2981
-1378 -3009
-1378 -3037
-1378 -3067
-1378 -3105
-1378 -3147
-1378 -3173
-1378 -3209
-1378 -3245
-1378 -3283
-1378 -3317
-1378 -3351
-1378 -3369
-1378 -3383
-1378 -3421
-1378 -3463
-1378 -3497
-1378 -3523
-1378 -3551
-1378 -3585
-1378 -3611
-1378 -3633
-1378 -3667
-1378 -3705
-1378 -3737
-1378 -3763
-1378 -3793
-1378 -3817
-1378 -3855
-1378 -3889
-1378 -3915
-1378 -3933
-1378 -3955
-1378 -3979
-1378 -3999
-1378 -4019
-1378 -4039
-1378 -4057
-1378 -4083
-1378 -4115
-1378 -4143
-1378 -4175
-1378 -4217
-1378 -4239
-1378 -4269
-1378 -4297
-1378 -4329
-1378 -4341
-1378 -4357
-1378 -4377
-1378 -4399
-1378 -4423
-1378 -4447
-1378 -4465
-1378 -4491
-1378 -4513
-1378 -4535
-1378 -4565
-1378 -4611
-1378 -4651
-1378 -4661
-1378 -4689
-1378 -4707
-1378 -4751
-1378 -4791
-1378 -4815
-1378 -4853
-1378 -4885
-1378 -4911
-1378 -4935
-1378 -4977
-1378 -5013
-1378 -5037
-1378 -5061
-1378 -5085
-1378 -5117
-1378 -5127
-1378 -5133
-1378 -5151
-1378 -5173
-1378 -5195
-1378 -5217
-1378 -5237
-1382 -2801
-1382 -2819
-1382 -2853
-1382 -2869
-1382 -2881
-1382 -2897
-1382 -2933
-1382 -2967
-1382 -2981
-1382 -3009
-1382 -3037
-1382 -3067
-1382 -3105
-1382 -3147
-1382 -3173
-1382 -3209
-1382 -3245
-1382 -3283
-1382 -3317
-1382 -3351
-1382 -3369
-1382 -3383
-1382 -3421
-1382 -3463
-1382 -3497
-1382 -3523
-1382 -3551
-1382 -3585
-1382 -3611
-1382 -3633
-1382 -3667
-1382 -3705
-1382 -3737
-1382 -3763
-1382 -3793
-1382 -3817
-1382 -3855
-1382 -3889
-1382 -3915
-1382 -3933
-1382 -3955
-1382 -3979
-1382 -3999
-1382 -4019
-1382 -4039
-1382 -4057
-1382 -4083
-1382 -4115
-1382 -4143
-1382 -4175
-1382 -4217
-1382 -4239
-1382 -4269
-1382 -4297
-1382 -4329
-1382 -4341
-1382 -4357
-1382 -4377
-1382 -4399
-1382 -4423
-1382 -4447
-1382 -4465
-1382 -4491
-1382 -4513
-1382 -4535
-1382 -4565
-1382 -4611
-1382 -4651
-1382 -4661
-1382 -4689
-1382 -4707
-1382 -4751
-1382 -4791
-1382 -4815
-1382 -4853
-1382 -4885
-1382 -4911
-1382 -4935
-1382 -4977
-1382 -5013
-1382 -5037
-1382 -5061
-1382 -5085
-1382 -5117
-1382 -5127
-1382 -5133
-1382 -5151
-1382 -5173
-1382 -5195
-1382 -5217
-1382 -5237
-1406 -2801
-1406 -2819
-1406 -2853
-1406 -2869
-1406 -2881
-1406 -2897
-1406 -2933
-1406 -2967
-1406 -2981
-1406 -3009
-1406 -3037
-1406 -3067
-1406 -3105
-1406 -3147
-1406 -3173
-1406 -3209
-1406 -3245
-1406 -3283
-1406 -3317
-1406 -3351
-1406 -3369
-1406 -3383
-1406 -3421
-1406 -3463
-1406 -3497
-1406 -3523
-1406 -3551
-1406 -3585
-1406 -3611
-1406 -3633
-1406 -3667
-1406 -3705
-1406 -3737
-1406 -3763
-1406 -3793
-1406 -3817
-1406 -3855
-1406 -3889
-1406 -3915
-1406 -3933
-1406 -3955
-1406 -3979
-1406 -3999
-1406 -4019
-1406 -4039
-1406 -4057
-1406 -4083
-1406 -4115
-1406 -4143
-1406 -4175
-1406 -4217
-1406 -4239
-1406 -4269
-1406 -4297
-1406 -4329
-1406 -4341
-1406 -4357
-1406 -4377
-1406 -4399
-1406 -4423
-1406 -4447
-1406 -4465
-1406 -4491
-1406 -4513
-1406 -4535
-1406 -4565
-1406 -4611
-1406 -4651
-1406 -4661
-1406 -4689
-1406 -4707
-1406 -4751
-1406 -4791
-1406 -4815
-1406 -4853
-1406 -4885
-1406 -4911
-1406 -4935
-1406 -4977
-1406 -5013
-1406 -5037
-1406 -5061
-1406 -5085
-1406 -5117
-1406 -5127
-1406 -5133
-1406 -5151
-1406 -5173
-1406 -5195
-1406 -5217
-1406 -5237
-1412 -2801
-1412 -2819
-1412 -2853
-1412 -2869
-1412 -2881
-1412 -2897
-1412 -2933
-1412 -2967
-1412 -2981
-1412 -3009
-1412 -3037
-1412 -3067
-1412 -3105
-1412 -3147
-1412 -3173
-1412 -3209
-1412 -3245
-1412 -3283
-1412 -3317
-1412 -3351
-1412 -3369
-1412 -3383
-1412 -3421
-1412 -3463
-1412 -3497
-1412 -3523
-1412 -3551
-1412 -3585
-1412 -3611
-1412 -3633
-1412 -3667
-1412 -3705
-1412 -3737
-1412 -3763
-1412 -3793
-1412 -3817
-1412 -3855
-1412 -3889
-1412 -3915
-1412 -3933
-1412 -3955
-1412 -3979
-1412 -3999
-1412 -4019
-1412 -4039
-1412 -4057
-1412 -4083
-1412 -4115
-1412 -4143
-1412 -4175
-1412 -4217
-1412 -4239
-1412 -4269
-1412 -4297
-1412 -4329
-1412 -4341
-1412 -4357
-1412 -4377
-1412 -4399
-1412 -4423
-1412 -4447
-1412 -4465
-1412 -4491
-1412 -4513
-1412 -4535
-1412 -4565
-1412 -4611
-1412 -4651
-1412 -4661
-1412 -4689
-1412 -4707
-1412 -4751
-1412 -4791
-1412 -4815
-1412 -4853
-1412 -4885
-1412 -4911
-1412 -4935
-1412 -4977
-1412 -5013
-1412 -5037
-1412 -5061
-1412 -5085
-1412 -5117
-1412 -5127
-1412 -5133
-1412 -5151
-1412 -5173
-1412 -5195
-1412 -5217
-1412 -5237
-1415 -2801
-1415 -2819
-1415 -2853
-1415 -2869
-1415 -2881
-1415 -2897
-1415 -2933
-1415 -2967
-1415 -2981
-1415 -3009
-1415 -3037
-1415 -3067
-1415 -3105
-1415 -3147
-1415 -3173
-1415 -3209
-1415 -3245
-1415 -3283
-1415 -3317
-1415 -3351
-1415 -3369
-1415 -3383
-1415 -3421
-1415 -3463
-1415 -3497
-1415 -3523
-1415 -3551
-1415 -3585
-1415 -3611
-1415 -3633
-1415 -3667
-1415 -3705
-1415 -3737
-1415 -3763
-1415 -3793
-1415 -3817
-1415 -3855
-1415 -3889
-1415 -3915
-1415 -3933
-1415 -3955
-1415 -3979
-1415 -3999
-1415 -4019
-1415 -4039
-1415 -4057
-1415 -4083
-1415 -4115
-1415 -4143
-1415 -4175
-1415 -4217
-1415 -4239
-1415 -4269
-1415 -4297
-1415 -4329
-1415 -4341
-1415 -4357
-1415 -4377
-1415 -4399
-1415 -4423
-1415 -4447
-1415 -4465
-1415 -4491
-1415 -4513
-1415 -4535
-1415 -4565
-1415 -4611
-1415 -4651
-1415 -4661
-1415 -4689
-1415 -4707
-1415 -4751
-1415 -4791
-1415 -4815
-1415 -4853
-1415 -4885
-1415 -4911
-1415 -4935
-1415 -4977
-1415 -5013
-1415 -5037
-1415 -5061
-1415 -5085
-1415 -5117
-1415 -5127
-1415 -5133
-1415 -5151
-1415 -5173
-1415 -5195
-1415 -5217
-1415 -5237
-1478 -2801
-1478 -2819
-1478 -2853
-1478 -2869
-1478 -2881
-1478 -2897
-1478 -2933
-1478 -2967
-1478 -2981
-1478 -3009
-1478 -3037
-1478 -3067
-1478 -3105
-1478 -3147
-1478 -3173
-1478 -3209
-1478 -3245
-1478 -3283
-1478 -3317
-1478 -3351
-1478 -3369
-1478 -3383
-1478 -3421
-1478 -3463
-1478 -3497
-1478 -3523
-1478 -3551
-1478 -3585
-1478 -3611
-1478 -3633
-1478 -3667
-1478 -3705
-1478 -3737
-1478 -3763
-1478 -3793
-1478 -3817
-1478 -3855
-1478 -3889
-1478 -3915
-1478 -3933
-1478 -3955
-1478 -3979
-1478 -3999
-1478 -4019
-1478 -4039
-1478 -4057
-1478 -4083
-1478 -4115
-1478 -4143
-1478 -4175
-1478 -4217
-1478 -4239
-1478 -4269
-1478 -4297
-1478 -4329
-1478 -4341
-1478 -4357
-1478 -4377
-1478 -4399
-1478 -4423
-1478 -4447
-1478 -4465
-1478 -4491
-1478 -4513
-1478 -4535
-1478 -4565
-1478 -4611
-1478 -4651
-1478 -4661
-1478 -4689
-1478 -4707
-1478 -4751
-1478 -4791
-1478 -4815
-1478 -4853
-1478 -4885
-1478 -4911
-1478 -4935
-1478 -4977
-1478 -5013
-1478 -5037
-1478 -5061
-1478 -5085
-1478 -5117
-1478 -5127
-1478 -5133
-1478 -5151
-1478 -5173
-1478 -5195
-1478 -5217
-1478 -5237
582 201
582 718
582 1319
582 1382
582 1310
582 932
582 1120
582 1084
582 1208
582 1378
582 1412
582 1478
582 1415
582 1406
201 582
201 1319
201 1382
201 1310
201 932
201 1120
201 1084
201 1208
201 1378
201 1412
201 1478
201 1415
201 1406
718 582
718 1319
718 1382
718 1310
718 932
718 1120
718 1084
718 1208
718 1378
718 1412
718 1478
718 1415
718 1406
1319 582
1319 201
1319 718
1319 932
1319 1120
1319 1084
1319 1208
1319 1378
1319 1412
1319 1478
1319 1415
1319 1406
1382 582
1382 201
1382 718
1382 932
1382 1120
1382 1084
1382 1208
1382 1378
1382 1412
1382 1478
1382 1415
1382 1406
1310 582
1310 201
1310 718
1310 932
1310 1120
1310 1084
1310 1208
1310 1378
1310 1412
1310 1478
1310 1415
1310 1406
932 582
932 201
932 718
932 1319
932 1382
932 1310
1120 582
1120 201
1120 718
1120 1319
1120 1382
1120 1310
1084 582
1084 201
1084 718
1084 1319
1084 1382
1084 1310
1208 582
1208 201
1208 718
1208 1319
1208 1382
1208 1310
1378 582
1378 201
1378 718
1378 1319
1378 1382
1378 1310
1412 582
1412 201
1412 718
1412 1319
1412 1382
1412 1310
1478 582
1478 201
1478 718
1478 1319
1478 1382
1478 1310
1415 582
1415 201
1415 718
1415 1319
1415 1382
1415 1310
1406 582
1406 201
1406 718
1406 1319
1406 1382
1406 1310
-582 -201
-582 -718
-582 -1319
-582 -1382
-582 -1310
-582 -932
-582 -1120
-582 -1084
-582 -1208
-582 -1378
-582 -1412
-582 -1478
-582 -1415
-582 -1406
-201 -582
-201 -1319
-201 -1382
-201 -1310
-201 -932
-201 -1120
-201 -1084
-201 -1208
-201 -1378
-201 -1412
-201 -1478
-201 -1415
-201 -1406
-718 -582
-718 -1319
-718 -1382
-718 -1310
-718 -932
-718 -1120
-718 -1084
-718 -1208
-718 -1378
-718 -1412
-718 -1478
-718 -1415
-718 -1406
-1319 -582
-1319 -201
-1319 -718
-1319 -932
-1319 -1120
-1319 -1084
-1319 -1208
-1319 -1378
-1319 -1412
-1319 -1478
-1319 -1415
-1319 -1406
-1382 -582
-1382 -201
-1382 -718
-1382 -932
-1382 -1120
-1382 -1084
-1382 -1208
-1382 -1378
-1382 -1412
-1382 -1478
-1382 -1415
-1382 -1406
-1310 -582
-1310 -201
-1310 -718
-1310 -932
-1310 -1120
-1310 -1084
-1310 -1208
-1310 -1378
-1310 -1412
-1310 -1478
-1310 -1415
-1310 -1406
-932 -582
-932 -201
-932 -718
-932 -1319
-932 -1382
-932 -1310
-1120 -582
-1120 -201
-1120 -718
-1120 -1319
-1120 -1382
-1120 -1310
-1084 -582
-1084 -201
-1084 -718
-1084 -1319
-1084 -1382
-1084 -1310
-1208 -582
-1208 -201
-1208 -718
-1208 -1319
-1208 -1382
-1208 -1310
-1378 -582
-1378 -201
-1378 -718
-1378 -1319
-1378 -1382
-1378 -1310
-1412 -582
-1412 -201
-1412 -718
-1412 -1319
-1412 -1382
-1412 -1310
-1478 -582
-1478 -201
-1478 -718
-1478 -1319
-1478 -1382
-1478 -1310
-1415 -582
-1415 -201
-1415 -718
-1415 -1319
-1415 -1382
-1415 -1310
-1406 -582
-1406 -201
-1406 -718
-1406 -1319
-1406 -1382
-1406 -1310
